0.0
0.5
0.666666666667
0.75
0.8
0.833333333333
0.857142857143
0.875
0.888888888889
0.9
0.909090909091
0.916666666667
0.923076923077
0.928571428571
0.933333333333
0.9375
0.941176470588
0.944444444444
0.947368421053
0.95
0.952380952381
0.954545454545
0.95652173913
0.958333333333
0.96
0.961538461538
0.962962962963
0.964285714286
0.965517241379
0.966666666667
0.967741935484
0.96875
0.969696969697
0.970588235294
0.971428571429
0.972222222222
0.972972972973
0.973684210526
0.974358974359
0.975
0.975609756098
0.97619047619
0.976744186047
0.977272727273
0.977777777778
0.978260869565
0.978723404255
0.979166666667
0.979591836735
0.98
0.980392156863
0.980769230769
0.981132075472
0.981481481481
0.981818181818
0.982142857143
0.982456140351
0.98275862069
0.983050847458
0.983333333333
0.983606557377
0.983870967742
0.984126984127
0.984375
0.984615384615
0.984848484848
0.985074626866
0.985294117647
0.985507246377
0.985714285714
0.985915492958
0.986111111111
0.986301369863
0.986486486486
0.986666666667
0.986842105263
0.987012987013
0.987179487179
0.987341772152
0.9875
0.987654320988
0.987804878049
0.987951807229
0.988095238095
0.988235294118
0.988372093023
0.988505747126
0.988636363636
0.988764044944
0.988888888889
0.989010989011
0.989130434783
0.989247311828
0.989361702128
0.989473684211
0.989583333333
0.989690721649
0.989795918367
0.989898989899
0.99
